506849696
555893390
100001954348692
100000931635256
601445952
100002467978323
628756340
100000859922231
100000132217583
1677521618
1143091327
572638798
100002095381687
1246809822
100000642065534
100000988474419
100003729366338
100000699339235
1115119113
100000354620769
1622801960
100000458559264
100000432751270
1234166106
100001902923334
1125604775
1320722859
1454400473
100000300564463
1067714849
100001524212388
800834673
1370983157
1229169213
1190330032
100001860113138
100001024283062
100001889315232
100003936740057
622465958
100001680256722
1042563151
100001579426962
1680648949
100000528579942
100000064192807
100002078042657
100003110718202
1444588409
100000807631849
725051790
1410336496
728377743
100000823715928
1101207733
1500167584
1499392325
100002889974663
740575564
100000285140822
100002292369221
100002789410652
100000116131446
646874184
1742593485
100003991180705
692857617
1656955762
684885755
1212857736
1454509793
637247651
100002003641682
743515228
1605031033
1065432768
100000746137237
1190677433
100002510265379
1603555676
796819697
1396360199
100001871233576
100001681120046
1287932523
100000585237228
525689215
548776233
100000139114299
1179667193
100000876944020
631734594
100000521771066
100000803955686
1094848568
100002479728761
1386868357
718675604
1694482336
1004354920
100003088179718
100002705525387
1154496436
100001290055879
1199740319
100002026102587
100001018387227
100002646085343
34304153
1626293735
1253590819
1402897091
674951982
100001350210025
100003967401708
1146720901
100001215024680
1851593978
1588240228
100002770848765
514526778
100004583922908
100002063069043
1365145845
1830421710
100001244310431
1495352024
1747022553
1393368011
100000484939422
1332586648
579372735
100001620298431
1305506150
1545770488
100003298924029
100000913261755
1095314066
593540022
100000301387775
100003402248967
100005816915622
100000875385532
1488143958
1735588102
100001632429766
100001259952397
100000575894384
1636219644
1488107892
100001404658895
1515398183
725848417
1390383328
1235216403
100003072922443
1628900521
1618722268
1447844127
1491637287
1399684858
1493235222
501848202
100002536236880
1500166937
1403475596
1333760801
100001577883850
100003382876188
100000700357331
100002551236022
100000626062783
100002211526281
500877525
100000210654316
1234360057
100003513557117
1913730
100003078975459
100000996585050
100004145286391
100000047234525
100000175779735
1239598296
1141801611
100003582342593
100000524123926
100000646232395
1764091621
100000642432160
100001049139825
100000865581157
100000194940175
100000414770481
100001968888271
100003861407258
1133360776
1316778564
100000657916867
100001987286176
100000017093539
100000580844195
795009161
531825122
100000864527618
100002223958215
100000487686340
1198864192
1327941631
100000123523192
100000154647654
701079461
1212759023
1096838843
817554910
100001827894344
100001694573510
100000611833956
100001730213965
100000194925941
100001881187766
1570909623
100001678581637
1586540877
1786280219
1082313456
660016138
100001847427956
100002913952522
100003171659114
100002073642983
1280923376
1360980917
100000910265390
536042528
1033764735
1385974492
1209391640
717950475
11404685
100001715449988
589036973
1664615090
1187038395
100000033339628
100000319896341
1065945807
759812225
701000677
214201491
1336072824
100003877374629
1451640465
100000046246803
1175479992
619778173
710241248
1341566248
657286946
100002409279856
1287754869
100001501335814
100002145962708
512596557
100003242402862
1840505939
100001568831353
784452228
1284626471
1638107612
1595100238
100000087053059
552375171
100000894531981
793734306
1330803500
1581784818
1044505320
1069921722
1076496432
1400595894
776041662
1315587569
100003256024170
504515340
100000802797722
1368905428
100000456096953
1070916601
620510636
1049226907
100005039528470
1052163065
16627
100000059808537
100000115556092
100001527725714
100003474241675
100000815766176
1662191950
100000801538417
1289056008
1465236113
1323376656
100001310725595
100000924137550
1840134485
1044402299
100002644922712
1603472259
100002246230328
633311585
100005731231109
711657513
547567488
674328975
205103802
100002829051393
1158487780
1578401419
1846615253
100000606105398
1418408447
1344917189
100005365293298
100001280843723
1161966279
100000086521076
1632948099
100000351264891
1010205438
100000092517358
100000155124529
1229952608
100004113211865
1475957317
1027292978
100001212094932
773903437
1394513460
1041636665
100004510061384
100000306056598
525538181
592522723
1155230788
100000885087260
1520221909
1475155028
1167483708
1301751835
100001195839222
584083875
757963635
100001682376909
100001908820133
719432532
1547814975
100000963312360
100000004782223
100000175365630
712761136
1275700582
1078896886
100000918550544
100001758268802
100001218933545
1395322713
668602363
1031381451
1304784714
100001000340232
587491073
694825753
1326711384
100000742991492
1367904938
100002561511461
100002866911428
100003338023662
1485840283
1635288107
100002448580453
100000684861943
1033997599
100001775277718
1127437988
100000775383992
100000617006318
1111639940
791129030
100002609534787
100000894840808
1182144726
1142239762
100000765690600
1823336358
100000241480280
504509993
701640424
1020281380
100001996390882
100000589298337
1442392857
1124688419
1828654999
100003282288537
1263457783
1170567609
100003623535358
1142940442
1435677981
1380368427
100002563797096
100000720976384
1777191652
100002455011545
1385916082
100001790892756
100002851717974
768589817
100002679091290
100000223315218
100000576253875
1044396471
1445174144
100001991492528
100003647910386
100000534280130
100000891451470
